00000001475
00000001452
00000001495
00000001480
00000001505
00000001481
00000001535
00000001483
00000001529
00000001503
00000001487
00000001488
00000001489
00000001490
00000001491
00000001492
00000001493
00000001494
00000001496
00000001497
00000001499
00000001500
00000001501
00000001502
00000001504
00000001506
00000001507
00000001508
00000001509
00000001512
00000001514
00000001516
00000001517
00000001518
00000001519
00000001520
00000001521
00000001523
00000001524
00000001525
00000001526
00000001527
00000001528
00000001530
00000001532
00000001533
00000001534
00000001537
00000001536
00000001538
00000001539
00000001545
00000001544
00000001642
00000001542
00000001540
00000001546
00000001643
00000001605
00000001604
00000001603
00000001548
00000001549
00000001551
00000001554
00000001555
00000001646
00000001600
00000001606
00000001607
00000001946
00000001559
00000001560
00000001561
00000001562
00000001563
00000001564
00000001510
00000001522
00000001557
00000001577
00000001573
00000001608
00000001597
00000001593
00000001591
00000001588
00000001586
00000001584
00000001585
00000001612
00000001619
00000001613
00000001618
00000001615
00000001616
00000001609
00000001583
00000001589
00000001590
00000001578
00000001511
00000001515
00000001531
00000001565
00000001570
00000001571
00000001482
00000001620
00000001621
00000001627
00000001630
00000001628
00000001622
00000001625
00000001624
00000001683
00000001629
00000001569
00000001572
00000001582
00000001598
00000001594
00000001592
00000001596
00000001558
00000001599
00000001626
00000001623
00000001566
00000001631
00000001634
00000001816
00000001648
00000001650
00000001651
00000001803
00000001635
00000001636
00000001639
00000001640
00000001484
00000001498
00000001513
00000001579
00000001581
00000001641
00000001645
00000001543
00000001602
00000001644
00000001611
00000001649
00000001658
00000001828
00000001655
00000001656
00000001652
00000001657
00000001595
00000001575
00000001574
00000001568
00000001567
00000001653
00000001659
00000001786
00000001667
00000001668
00000001666
00000001660
00000001661
00000001952
00000001662
00000001663
00000001664
00000001580
00000001638
00000001712
00000001753
00000001576
00000001670
00000001671
00000001672
00000001684
00000001678
00000001675
00000001681
00000001954
00000001676
00000001677
00000001679
00000001674
00000001680
00000001682
00000001685
00000001686
00000001742
00000001687
00000001953
00000001688
00000001689
00000001690
00000001691
00000001693
00000001694
00000001695
00000001696
00000001697
00000001698
00000001699
00000001700
00000001701
00000001702
00000001703
00000001704
00000001705
00000001706
00000001707
00000001708
00000001709
00000001710
00000001711
00000001715
00000001738
00000001740
00000001741
00000001745
00000001752
00000001744
00000001739
00000001749
00000002179
00000001713
00000001714
00000001716
00000001717
00000001718
00000001719
00000001720
00000001721
00000001722
00000001724
00000001725
00000001726
00000001743
00000001727
00000001728
00000001729
00000001730
00000001731
00000001732
00000001733
00000001734
00000001735
00000001736
00000001737
00000001756
00000001757
00000001759
00000001758
00000002207
00000001761
00000001762
00000001763
00000001765
00000001766
00000001767
00000001768
00000001769
00000001770
00000001771
00000001772
00000001773
00000001764
00000001774
00000001775
00000001776
00000001777
00000001750
00000001778
00000001779
00000001825
00000001790
00000001780
00000001748
00000001781
00000001782
00000001783
00000001784
00000001785
00000001787
00000001788
00000001789
00000001791
00000001747
00000001746
00000001755
00000002183
00000001815
00000001754
00000001751
00000001814
00000001818
00000001793
00000001794
00000001795
00000001796
00000001797
00000001798
00000001799
00000001804
00000001806
00000001807
00000001809
00000001811
00000001812
00000001813
00000001817
00000001820
00000001821
00000001822
00000001800
00000001801
00000001802
00000001805
00000001808
00000001819
00000001826
00000001844
00000001955
00000001840
00000001827
00000001831
00000001832
00000001833
00000001834
00000001836
00000001837
00000001839
00000001829
00000001824
00000001835
00000001830
00000001841
00000001842
00000001843
00000001846
00000001845
00000001896
00000001903
00000001895
00000001894
00000001914
00000001876
00000001885
00000001892
00000001823
00000001838
00000001861
00000001890
00000001891
00000001905
00000001906
00000001847
00000001910
00000001902
00000001916
00000001848
00000001849
00000001850
00000001851
00000001852
00000001853
00000001854
00000001855
00000001856
00000001857
00000001858
00000001859
00000001860
00000001882
00000001883
00000001904
00000001908
00000001909
00000001912
00000001913
00000001928
00000001929
00000001917
00000001918
00000001919
00000001061
00000001923
00000001920
00000001921
00000001922
00000001924
00000001925
00000001926
00000001927
00000002002
00000001950
00000001951
00000001930
00000001907
00000001901
00000001900
00000001899
00000001898
00000001897
00000001893
00000001889
00000001887
00000001888
00000001886
00000001884
00000001881
00000001880
00000001879
00000001878
00000001877
00000001874
00000001931
00000001873
00000001869
00000001872
00000001871
00000001862
00000001870
00000001868
00000001867
00000001866
00000001863
00000001865
00000001864
00000001934
00000001935
00000001938
00000001911
00000001947
00000001948
00000001949
00000001956
00000001957
00000001958
00000001959
00000001960
00000001961
00000001962
00000001932
00000001933
00000001936
00000001937
00000001939
00000001940
00000001941
00000001942
00000001943
00000001944
00000001945
00000001963
00000001965
00000001971
00000001974
00000001964
00000001970
00000001968
00000001975
00000001998
00000001966
00000001969
00000001972
00000001973
00000001999
00000001993
00000001988
00000001994
00000001990
00000001980
00000001967
00000001976
00000001977
00000001978
00000001981
00000001982
00000001983
00000001984
00000001985
00000001986
00000001987
00000001989
00000001995
00000001996
00000001997
00000002031
00000002032
00000002003
00000002007
00000002015
00000002000
00000002001
00000002008
00000002009
00000002004
00000002014
00000002016
00000002017
00000002018
00000002019
00000002020
00000002021
00000002022
00000002010
00000002023
00000002024
00000002025
00000002049
00000002036
00000002028
00000002026
00000002030
00000002048
00000002033
00000002034
00000002035
00000002050
00000002037
00000002038
00000002039
00000002040
00000002041
00000002042
00000002043
00000002044
00000002045
00000002046
00000002047
00000002052
00000002058
00000002051
00000002062
00000002054
00000002055
00000002063
00000002027
00000002056
00000002057
00000002061
00000002064
00000002065
00000002075
00000002082
00000002068
00000002067
00000002356
00000002066
00000002069
00000002079
00000002070
00000002071
00000002080
00000002073
00000002074
00000002076
00000002084
00000002093
00000002358
00000002088
00000002085
00000002086
00000002089
00000002090
00000002091
00000002094
00000002101
00000002359
00000002106
00000002404
00000002405
00000002406
00000002407
00000002408
00000002409
00000002112
00000002243
00000002244
00000002159
00000002109
00000002111
00000002357
00000002113
00000002121
00000002114
00000002115
00000002118
00000002120
00000002117
00000002157
00000002176
00000002461
00000002462
00000002124
00000002125
00000002130
00000002131
00000002132
00000002133
00000002134
00000002135
00000002136
00000002137
00000002138
00000002140
00000002141
00000002142
00000002147
00000002160
00000002146
00000002149
00000002151
00000002152
00000002153
00000002154
00000002155
00000002161
00000002211
00000002201
00000002194
00000002460
00000002199
00000002213
00000002214
00000002163
00000002164
00000002166
00000002281
00000002169
00000002170
00000002171
00000002172
00000002173
00000002174
00000002175
00000002180
00000002185
00000002198
00000002200
00000002202
00000002203
00000002204
00000002205
00000002206
00000002208
00000002218
00000002220
00000002222
00000002224
00000002226
00000002228
00000002230
00000002232
00000002234
00000002236
00000002238
00000002240
00000002289
00000002241
00000002242
00000002475
00000002119
00000002286
00000002318
00000002282
00000002247
00000002248
00000002249
00000002250
00000002283
00000002252
00000002253
00000002254
00000002284
00000002256
00000002257
00000002258
00000002259
00000002260
00000002261
00000002262
00000002263
00000002264
00000002265
00000002266
00000002267
00000002268
00000002269
00000002270
00000002271
00000002272
00000002273
00000002274
00000002275
00000002285
00000002276
00000002308
00000002290
00000002291
00000002292
00000002293
00000002294
00000002295
00000002296
00000002319
00000002298
00000002299
00000002300
00000002463
00000002301
00000002303
00000002305
00000002320
00000002469
00000002317
00000002322
00000002384
00000002311
00000002312
00000002313
00000002321
00000002329
00000002351
00000002387
00000002334
00000002335
00000002325
00000002326
00000002327
00000002328
00000002330
00000002331
00000002332
00000002333
00000002388
00000002337
00000002338
00000002389
00000002390
00000002391
00000002347
00000002346
00000002345
00000002344
00000002343
00000002340
00000002339
00000002316
00000002354
00000002116
00000002095
00000002100
00000002382
00000002386
00000002398
00000002383
00000002370
00000002380
00000002381
00000002360
00000002361
00000002362
00000002363
00000002364
00000002392
00000002367
00000002368
00000002365
00000002372
00000002373
00000002394
00000002375
00000002395
00000002377
00000002379
00000002393
00000002396
00000002399
00000002401
00000002402
00000002403
00000002400
00000002410
00000002412
00000002421
00000002422
00000002424
00000002445
00000002446
00000002447
00000002448
00000002449
00000002429
00000002420
00000002425
00000002442
00000002444
00000002428
00000002452
00000002451
00000002651
00000002279
00000002431
00000002432
00000002433
00000002434
00000002436
00000002437
00000002438
00000002439
00000002440
00000002441
00000002511
00000002454
00000002455
00000002456
00000002457
00000002458
00000002479
00000002652
00000002654
00000002726
00000002459
00000002215
00000002158
00000002418
00000002419
00000002156
00000002307
00000002468
00000002470
00000002471
00000002474
00000002478
00000002480
00000002677
00000002504
00000002502
00000002483
00000002487
00000002488
00000002490
00000002491
00000002492
00000002493
00000002494
00000002495
00000002496
00000002497
00000002498
00000002499
00000002881
00000002501
00000002503
00000002506
00000002516
00000002509
00000002510
00000002512
00000002518
00000002515
00000002514
00000002714
00000002520
00000002692
00000002521
00000002522
00000002523
00000002524
00000002525
00000002526
00000002540
00000002585
00000002617
00000002623
00000002624
00000002731
00000002643
00000002645
00000002637
00000002639
00000002641
00000002642
00000002723
00000002656
00000002763
00000002648
00000002650
00000002655
00000002691
00000002752
00000002676
00000002657
00000002687
00000002679
00000002658
00000002659
00000002661
00000002662
00000002665
00000002666
00000002667
00000002668
00000002669
00000002670
00000002672
00000002673
00000002674
00000002675
00000003104
00000002681
00000002682
00000002758
00000002689
00000002690
00000002693
00000002694
00000002592
00000002596
00000002598
00000002599
00000002604
00000002721
00000002551
00000002548
00000002552
00000002541
00000002544
00000002697
00000002705
00000002708
00000002707
00000002607
00000002527
00000002710
00000002529
00000002535
00000002720
00000002722
00000002713
00000003048
00000002715
00000002717
00000002719
00000002718
00000002724
00000002528
00000002531
00000002532
00000002539
00000002728
00000002732
00000002725
00000002729
00000002730
00000002733
00000002602
00000002608
00000002736
00000002761
00000002745
00000002545
00000002735
00000002549
00000002550
00000002747
00000002748
00000002739
00000002742
00000002744
00000002741
00000002780
00000002749
00000002750
00000002751
00000002754
00000002755
00000002695
00000002757
00000002760
00000002765
00000002766
00000002856
00000002768
00000002764
00000002769
00000002771
00000002777
00000002772
00000002782
00000002636
00000002774
00000002779
00000002775
00000002781
00000002783
00000002784
00000002811
00000002793
00000002812
00000002806
00000002808
00000002785
00000002786
00000002787
00000002788
00000002792
00000002795
00000002796
00000002797
00000002799
00000002801
00000002802
00000002803
00000002794
00000002804
00000002807
00000002809
00000002810
00000002813
00000002934
00000002815
00000002817
00000002843
00000002819
00000002823
00000002824
00000002825
00000002826
00000002827
00000002828
00000002830
00000002832
00000002833
00000002834
00000002822
00000002820
00000002837
00000002838
00000002839
00000002840
00000002845
00000002835
00000002846
00000002842
00000002818
00000002821
00000002814
00000002847
00000002849
00000002850
00000002884
00000002875
00000002851
00000002897
00000002852
00000002853
00000002854
00000002855
00000002858
00000002584
00000002574
00000002573
00000002586
00000002860
00000002862
00000002864
00000002865
00000002633
00000002630
00000002629
00000002627
00000002632
00000002891
00000002866
00000002867
00000002869
00000002870
00000002577
00000002871
00000002873
00000002876
00000002877
00000002878
00000002880
00000002882
00000002883
00000002885
00000002887
00000002886
00000002889
00000002890
00000002892
00000002893
00000002894
00000002898
00000002896
00000002907
00000002906
00000002938
00000002899
00000002900
00000002903
00000002904
00000002905
00000002901
00000002902
00000002936
00000002935
00000002908
00000002909
00000002911
00000002913
00000002915
00000002917
00000002919
00000002921
00000002923
00000002924
00000002925
00000002926
00000002927
00000002928
00000002929
00000002930
00000002931
00000002932
00000002933
00000002937
00000002965
00000002962
00000002588
00000002587
00000002589
00000002590
00000002572
00000002939
00000002940
00000002941
00000002942
00000002943
00000002944
00000002945
00000002946
00000002947
00000002948
00000002949
00000002950
00000002951
00000002952
00000002953
00000002954
00000002955
00000002956
00000002957
00000002958
00000002959
00000002960
00000002961
00000002963
00000002964
00000002995
00000002966
00000002967
00000002968
00000002990
00000002999
00000002969
00000002970
00000002971
00000002972
00000002973
00000002974
00000002975
00000002976
00000002977
00000002978
00000002979
00000002980
00000002981
00000002983
00000002984
00000002985
00000002986
00000002987
00000002988
00000002989
00000002982
00000002991
00000002992
00000002993
00000002996
00000002997
00000002998
00000003004
00000003008
00000003028
00000003000
00000003001
00000003002
00000003005
00000003006
00000003007
00000003009
00000003010
00000003011
00000003012
00000003013
00000003014
00000003015
00000003016
00000003017
00000003018
00000003019
00000003020
00000003021
00000003022
00000003023
00000003024
00000003025
00000003026
00000003027
00000002712
00000002567
00000003235
00000003029
00000003030
00000003031
00000003044
00000003043
00000003035
00000003052
00000003041
00000003042
00000003045
00000003046
00000003032
00000003033
00000003034
00000003036
00000003037
00000003038
00000003039
00000003040
00000003047
00000002762
00000003049
00000002481
00000003050
00000002680
00000003053
00000002678
00000002450
00000003054
00000003055
00000003056
00000003059
00000003057
00000003058
00000003060
00000003061
00000003063
00000003070
00000003064
00000003062
00000003075
00000003065
00000003066
00000003067
00000003068
00000003069
00000003071
00000003072
00000003073
00000003074
00000003076
00000003077
00000002618
00000002620
00000002626
00000003078
00000003091
00000003079
00000003080
00000003081
00000003082
00000003083
00000003084
00000003085
00000003086
00000003087
00000003088
00000003089
00000003090
00000003137
00000003092
00000003093
00000003154
00000003097
00000003096
00000003098
00000003094
00000003099
00000003100
00000003101
00000003102
00000003110
00000003107
00000003103
00000003109
00000003108
00000003105
00000003106
00000003111
00000003132
00000003160
00000003113
00000003112
00000003114
00000003115
00000003116
00000003117
00000003118
00000003119
00000003120
00000003121
00000003122
00000003123
00000003124
00000003125
00000003126
00000003127
00000003133
00000003128
00000003131
00000003142
00000003134
00000003136
00000003143
00000003138
00000003139
00000003135
00000003140
00000003141
00000003146
00000003145
00000003147
00000003148
00000003149
00000003151
00000003165
00000003166
00000003242
00000003153
00000003155
00000003156
00000003277
00000003158
00000003159
00000003161
00000003185
00000003162
00000003172
00000003167
00000003095
00000003168
00000003169
00000003171
00000003181
00000003173
00000003174
00000003175
00000003176
00000003177
00000003178
00000003170
00000003179
00000003180
00000003182
00000003183
00000003184
00000003186
00000003187
00000003188
00000003190
00000003195
00000003192
00000003191
00000003194
00000003193
00000003231
00000003196
00000003197
00000003199
00000003200
00000003206
00000003207
00000003201
00000003202
00000003203
00000003204
00000003205
00000003208
00000003209
00000003210
00000003211
00000003212
00000003221
00000003224
00000003226
00000003216
00000003213
00000003217
00000003214
00000003215
00000003218
00000003219
00000003220
00000003225
00000003227
00000003228
00000003229
00000003230
00000003232
00000003233
00000003234
00000003236
00000003237
00000003223
00000003238
00000003271
00000003240
00000003241
00000003245
00000003275
00000003246
00000003247
00000003248
00000003250
00000003251
00000003252
00000003244
00000003243
00000003254
00000003258
00000003263
00000003264
00000003253
00000003255
00000003256
00000003257
00000003249
00000003259
00000003260
00000003261
00000003262
00000003265
00000003266
00000003267
00000003268
00000003269
00000003270
00000003272
00000003273
00000003274
00000003276
00000003328
00000003407
00000003314
00000003278
00000003279
00000003281
00000003283
00000003280
00000003282
00000003284
00000003285
00000003287
00000003288
00000003289
00000003291
00000003292
00000003293
00000003294
00000003290
00000003296
00000003297
00000003301
00000003302
00000003326
00000003298
00000003299
00000003327
00000003300
00000003329
00000003303
00000003383
00000003304
00000003384
00000003331
00000003386
00000003306
00000003387
00000003307
00000003388
00000003308
00000003389
00000003309
00000003390
00000003310
00000003391
00000003311
00000003392
00000003312
00000003393
00000003313
00000003394
00000003315
00000003305
00000003385
00000003395
00000003316
00000003396
00000003317
00000003397
00000003318
00000003398
00000003319
00000003399
00000003320
00000003400
00000003321
00000003401
00000003322
00000003402
00000003323
00000003403
00000003324
00000003404
00000003325
00000003330
00000003332
00000003333
00000003334
00000003335
00000003336
00000003337
00000003338
00000003339
00000003340
00000003341
00000003342
00000003343
00000003344
00000003345
00000003346
00000003347
00000003348
00000003349
00000003350
00000003351
00000003352
00000003353
00000003354
00000003355
00000003356
00000003357
00000003358
00000003359
00000003360
00000003361
00000003362
00000003363
00000003364
00000003365
00000003366
00000003367
00000003368
00000003369
00000003370
00000003371
00000003372
00000003373
00000003374
00000003375
00000003376
00000003377
00000003378
00000003379
00000003380
00000003381
00000003382
00000003409
00000003406
00000003405
00000003416
00000003423
00000003418
00000003408
00000003410
00000003413
00000003414
00000003415
00000003411
00000003417
00000003419
00000003420
00000003421
00000003422
00000003424
00000003425
00000003426
00000003427
00000003428
00000003429
00000003430
00000003431
00000003432
00000003433
00000003434
00000003436
00000003438
00000003437
00000003440
00000003441
00000003442
00000003439
00000003449
00000003443
00000003444
00000003445
00000003446
00000003447
00000003448
00000003453
00000003451
00000003452
00000003450
00000003454
00000003455
00000003456
00000003457
00000003144
00000003458
00000003459
00000003460